-,-,-
-101.318359, 122.070312, 952.148438
-114.013672, 133.789062, 1017.578125
-101.318359, 120.117188, 998.535156
-114.501953, 124.511719, 999.511719
-167.724609, 122.070312, 1027.343750
-219.970703, 123.046875, 1023.437500
-226.806641, 107.421875, 1022.949219
-232.177734, 125.976562, 992.187500
-257.568359, 101.562500, 989.257812
-247.802734, 100.585938, 1001.464844
-263.427734, 98.632812, 1026.367188
-244.384766, 72.265625, 1011.718750
-247.314453, 64.453125, 1012.695312
-187.255859, 42.480469, 1024.414062
-136.962891, 57.617188, 1014.648438
-60.791016, 68.359375, 957.031250
19.531250, 71.289062, 958.496094
76.171875, 83.496094, 990.234375
125.976562, 112.304688, 953.125000
126.464844, 139.648438, 952.148438
120.605469, 119.140625, 972.656250
119.628906, 118.164062, 980.957031
108.398438, 109.375000, 1019.531250
120.605469, 83.007812, 1013.183594
165.039062, 73.242188, 1031.738281
-,-,-
-333.740234, 40.039062, 1034.667969
-342.529297, 47.851562, 985.839844
-319.580078, 55.664062, 1020.507812
-376.708984, 53.710938, 1043.945312
-379.150391, 54.687500, 1052.246094
-344.970703, 64.453125, 1020.507812
-299.560547, 53.710938, 1042.968750
-268.798828, 26.367188, 1039.062500
-220.458984, 42.968750, 1055.175781
-229.248047, 30.273438, 1035.644531
-161.376953, 25.390625, 1037.109375
-146.728516, 32.226562, 1023.437500
-108.154297, 46.386719, 978.027344
-56.396484, 54.687500, 1023.437500
-31.005859, 44.921875, 1000.976562
-16.845703, 74.218750, 949.707031
-14.892578, 46.875000, 981.445312
-3.662109, 57.617188, 983.398438
36.132812, 58.593750, 899.414062
55.664062, 48.828125, 914.062500
112.792969, 0.488281, 1013.671875
173.828125, -20.263672, 1014.648438
243.164062, -35.888672, 1039.062500
337.402344, -58.349609, 1140.625000
-,-,-
-432.861328, 35.156250, 1043.945312
-393.310547, -16.357422, 1056.640625
-362.060547, 13.671875, 1080.078125
-358.154297, 8.789062, 1040.039062
-340.576172, -9.521484, 1028.320312
-279.052734, 11.718750, 1035.644531
-235.107422, 31.250000, 990.722656
-133.544922, 27.343750, 981.933594
-69.580078, 2.929688, 968.750000
-16.845703, 2.929688, 959.472656
83.984375, -8.544922, 988.281250
112.792969, 11.718750, 954.101562
152.343750, 12.695312, 909.179688
209.472656, 12.695312, 991.699219
175.781250, -23.193359, 994.140625
183.593750, 14.648438, 1014.160156
208.007812, 26.367188, 1089.843750
261.718750, -8.544922, 1124.023438
-,-,-
-469.482422, 30.273438, 1071.777344
-541.259766, 29.296875, 1021.484375
-501.220703, 39.062500, 1023.437500
-525.146484, 90.820312, 1061.523438
-492.431641, 27.343750, 1098.632812
-449.951172, 16.601562, 1073.730469
-357.177734, 0.488281, 1047.851562
-281.494141, -12.451172, 1066.894531
-213.134766, -18.310547, 1030.273438
-136.474609, 1.464844, 982.421875
-94.970703, 31.250000, 944.824219
-40.771484, 3.906250, 935.546875
12.207031, 15.625000, 953.125000
61.523438, 2.929688, 937.988281
132.812500, 33.203125, 985.351562
172.363281, 19.531250, 920.410156
207.031250, 22.460938, 946.777344
249.511719, 38.085938, 996.093750
290.039062, 44.921875, 928.710938
321.777344, 25.390625, 978.027344
398.925781, -27.099609, 1018.066406
481.445312, -38.818359, 1019.531250
-,-,-
-497.802734, 24.414062, 1082.031250
-498.779297, 56.640625, 1053.222656
-480.224609, 22.460938, 1080.078125
-463.623047, -7.568359, 1119.140625
-401.123047, -27.099609, 1046.875000
-343.505859, -55.419922, 1054.199219
-264.404297, -35.888672, 1020.507812
-171.630859, -30.029297, 1000.488281
-114.013672, -41.259766, 1008.789062
-39.306641, -44.677734, 952.148438
-15.380859, -42.236328, 962.402344
49.316406, -37.841797, 951.171875
113.769531, -15.380859, 973.632812
157.226562, -0.244141, 941.894531
220.703125, 16.601562, 970.703125
261.718750, 26.367188, 998.535156
277.832031, -5.615234, 999.023438
328.613281, 5.859375, 1014.160156
318.359375, -10.498047, 1057.128906
275.878906, 2.929688, 1049.804688
259.765625, 9.765625, 1065.429688
-,-,-
-267.822266, 19.531250, 1037.597656
-314.208984, -4.638672, 1138.671875
-256.591797, 1.464844, 1027.343750
-252.685547, 5.859375, 1035.644531
-264.404297, -9.521484, 1065.429688
-216.064453, -1.708984, 1049.804688
-166.748047, -11.474609, 993.164062
-109.130859, -49.560547, 980.468750
-36.865234, -36.865234, 972.656250
36.621094, -36.865234, 942.871094
89.843750, -40.771484, 906.738281
175.292969, -60.302734, 1002.929688
228.027344, -29.052734, 916.015625
274.414062, -10.498047, 974.609375
283.203125, 2.441406, 995.117188
272.460938, 23.437500, 998.535156
333.984375, 43.945312, 994.628906
367.675781, 42.968750, 1038.085938
405.761719, 63.476562, 1076.660156
-,-,-
-301.513672, -5.615234, 994.140625
-289.794922, 5.859375, 1024.414062
-304.443359, -13.427734, 994.140625
-335.693359, -5.615234, 1000.488281
-340.576172, 6.835938, 1008.789062
-334.228516, 21.484375, 1016.113281
-333.251953, -10.498047, 1030.761719
-266.357422, 13.671875, 1046.875000
-264.404297, 7.812500, 1021.484375
-222.900391, 2.929688, 1014.160156
-156.494141, -9.521484, 995.117188
-150.146484, -8.544922, 980.468750
-133.056641, 1.464844, 963.867188
-84.716797, -20.263672, 992.187500
-29.052734, -8.544922, 933.593750
8.300781, -17.333984, 938.964844
130.859375, -10.498047, 957.031250
186.523438, 23.437500, 1039.062500
230.957031, 51.757812, 1002.929688
263.671875, 64.453125, 996.093750
273.925781, 60.546875, 985.351562
294.433594, 60.546875, 1014.648438
284.667969, 33.203125, 1001.953125
-,-,-
-234.619141, -35.888672, 1045.410156
-302.978516, -12.451172, 1017.089844
-369.873047, -36.865234, 1073.730469
-407.470703, -80.322266, 1060.546875
-394.287109, -51.513672, 1055.175781
-374.267578, -54.443359, 1057.617188
-333.251953, -35.888672, 1039.062500
-291.748047, -29.052734, 1019.531250
-223.388672, -51.513672, 971.679688
-173.095703, -39.794922, 1028.320312
-130.126953, -70.068359, 958.496094
-57.373047, -62.255859, 1003.906250
-23.193359, -47.607422, 970.703125
32.714844, -74.951172, 965.820312
87.402344, -31.982422, 996.582031
104.492188, 3.906250, 967.773438
114.257812, 4.882812, 913.085938
122.070312, -13.427734, 1004.882812
165.527344, -19.287109, 1057.128906
183.593750, 17.578125, 1007.812500
205.078125, 13.671875, 1021.484375
245.117188, 30.273438, 1013.183594
321.289062, 43.945312, 1035.644531
-,-,-
-251.220703, -32.958984, 1045.898438
-227.783203, -5.615234, 1033.691406
-187.255859, -33.935547, 965.820312
-134.521484, -37.353516, 981.445312
-145.751953, -22.216797, 1000.488281
-52.978516, -86.669922, 963.867188
-7.568359, -66.162109, 1050.292969
34.667969, -45.654297, 954.589844
127.441406, -24.169922, 972.656250
163.574219, -3.662109, 920.410156
232.910156, 14.648438, 963.867188
243.652344, 59.570312, 996.582031
228.515625, 75.683594, 1000.488281
232.910156, 77.148438, 1014.648438
248.535156, 73.242188, 1041.992188
283.691406, 84.960938, 1037.597656
-,-,-
-437.255859, -75.927734, 1144.042969
-398.681641, -64.208984, 1099.609375
-334.716797, -83.251953, 927.734375
-298.583984, -112.060547, 937.011719
-220.458984, -130.615234, 883.300781
-125.732422, -178.466797, 839.843750
-65.185547, -158.935547, 883.300781
84.960938, -86.669922, 917.480469
155.273438, -41.748047, 1009.765625
147.949219, 40.527344, 1083.007812
204.101562, 42.968750, 1072.753906
207.519531, 46.875000, 1134.765625
233.398438, 71.289062, 1091.308594
253.906250, 72.265625, 1106.445312
286.621094, 86.914062, 1094.238281
-,-,-
-252.685547, -40.283203, 990.234375
-230.224609, -33.935547, 1017.089844
-204.833984, -38.818359, 975.585938
-204.833984, -46.630859, 952.148438
-112.548828, -79.345703, 987.304688
-82.763672, -87.646484, 958.496094
-23.681641, -33.935547, 970.703125
58.593750, -38.818359, 886.230469
147.949219, -18.310547, 952.148438
173.828125, 45.898438, 933.593750
204.101562, 56.640625, 955.078125
281.250000, 73.242188, 994.140625
273.437500, 80.566406, 969.726562
267.578125, 58.593750, 1033.691406
-,-,-
-375.732422, -22.216797, 973.632812
-354.248047, -9.521484, 963.867188
-315.185547, 26.367188, 900.878906
-299.560547, -19.287109, 981.445312
-243.408203, -44.677734, 1009.765625
-186.279297, -70.068359, 963.867188
-121.337891, -107.177734, 1073.730469
-59.814453, -48.583984, 1047.851562
19.531250, -21.240234, 990.234375
47.851562, 27.343750, 987.304688
54.687500, 41.015625, 967.773438
43.945312, 56.640625, 940.917969
107.421875, 46.875000, 940.917969
105.468750, 31.250000, 974.609375
96.191406, 104.492188, 997.558594
